level=0
playerX=717.5278099999999
playerY=678.999509048368
