level=0
playerX=811.7459600000005
playerY=230.99999789190107
