level=0
playerX=1484.979515
playerY=358.999992814276
