level=0
playerX=57.60829999999937
playerY=758.9993937784374
