level=0
playerX=717.5278099999999
playerY=678.9998921115521
